4292
3297
3961
3824
270
3252
9842
1058
7573
7322
9255
6066
3547
35
1389
7463
3689
4501
6118
7036
8887
7826
1758
3007
3946
7398
1634
3574
9969
3180
7862
8455
3604
8921
1052
2351
6296
8508
3330
6543
237
1887
3557
7336
2704
568
3045
8551
5161
4807
9351
7478
3949
8255
851
4441
9006
9970
545
2681
6619
1876
9875
9570
9168
1625
2206
3718
2702
7878
6216
9299
3587
5963
5995
6928
6340
8502
1794
4641
5858
4747
2351
6696
2990
1425
1181
3959
2802
4936
5902
4940
1429
5924
1690
7870
8211
6686
6936
7399
7916
4413
5666
1686
929
4794
615
6132
7416
3366
2321
2146
2865
3677
2376
3142
4592
9126
9799
1591
5167
6700
8954
8638
2136
6885
6946
4845
3033
8837
8267
4396
5503
4689
4673
1072
2632
3678
7252
3183
8117
6914
2779
8859
3257
5305
7782
5628
6524
5747
1759
7393
2755
6349
9872
2217
5734
6621
1894
9639
3289
3953
6432
1275
1438
4342
48
6926
3650
4912
2239
7784
6298
8059
8517
4338
5908
4179
7762
1627
973
130
8361
7872
1946
9988
2618
6927
4178
3474
7344
2131
6781
3116
7926
8166
6265
8499
8077
7913
7418
7548
6807
5730
5042
4398
8954
9183
4825
819
8144
4091
3710
2167
9956
7880
2209
1670
590
274
3940
5040
6672
6937
3696
6773
9045
3379
1272
2200
4209
1521
8956
8409
7656
8781
6820
9940
6552
8785
4966
9256
57
6354
3837
3104
9263
7180
1390
6249
6101
5459
9319
9942
8392
6007
8051
1148
3723
6645
4313
1259
8875
6809
4892
4363
6550
127
7493
910
7041
2604
3808
4928
1351
9314
5678
3233
7306
5915
9994
9114
8837
2379
6332
4757
7085
305
1981
2685
7645
4512
9757
7689
1323
2168
1741
3743
6546
7029
8387
4738
3282
8061
9070
639
842
3256
9206
8059
727
6227
8733
4644
1692
2252
2638
5769
1349
1181
225
9065
9291
9862
4995
3377
1236
7277
8787
4080
7716
6843
9231
1206
9051
7878
5455
9464
6141
7661
9282
9975
3221
2130
3549
9573
1927
1513
6614
1472
9175
4367
3428
9140
8911
3894
4130
7678
3956
7029
8178
2653
5976
2415
1523
2236
6574
2208
7154
2753
672
5666
6808
7274
840
5916
6430
3002
8233
7550
6378
7749
304
2088
5429
6164
7341
3844
3097
106
6424
3851
7189
5582
4134
9218
370
7802
4583
2775
9688
3753
5979
1221
1889
5347
612
3387
6529
6247
4635
6331
7034
8098
933
3125
1802
6399
4827
9887
5445
8291
7617
1103
558
5397
2184
4150
6553
1959
1957
8407
1990
5049
666
664
9749
3805
22
8295
4233
8186
7469
6652
6219
108
3969
3922
3352
3802
106
8442
325
7533
1019
5206
2989
2703
5035
4336
3865
3026
3509
9847
2342
6978
6516
230
8190
5238
7149
8910
9780
5746
7577
6130
1764
9959
4285
5328
1758
9595
2962
442
4854
846
4433
9666
718
7874
4325
6474
2374
9739
3844
4114
1750
8153
6792
9046
4451
9523
1575
7452
9798
9326
367
7320
5947
9143
9067
6948
3148
9334
4626
2604
139
5341
1639
3198
7384
8466
5202
6016
6286
1952
1310
7222
5784
5889
5692
4563
2134
5561
6010
9039
9969
9491
4551
9209
7194
7447
8511
2891
8502
2390
8330
165
6104
9227
2788
9020
5301
3611
4493
9415
1337
9186
9807
8473
2652
6525
478
2638
6164
758
2762
8949
9085
8267
2177
5996
6655
3244
8219
8589
2017
5211
8534
7507
4908
290
8771
7834
8931
5358
963
7732
6572
4834
8342
5523
5153
2836
2215
9229
479
766
8146
3153
2010
9385
2884
2465
6250
7575
5325
4436
527
6734
2180
7051
5675
7272
4864
9908
8080
1714
4305
2404
95
8805
7824
1929
8294
7709
7138
7094
1476
6185
8523
4829
5914
4587
9068
5342
4295
3796
9122
3694
5778
2082
5491
7466
3850
1021
6705
7269
5540
657
3681
6492
54
5557
35
4731
3543
7699
9720
6222
5753
5909
1106
8215
9355
5189
8035
7222
4
5079
1384
6978
8076
6876
1841
9385
9165
617
2692
3612
8106
6558
2595
2809
435
1613
1690
2875
8340
624
7999
8243
6025
17
9392
4271
144
7450
8344
721
2305
7539
3998
61
1591
6063
2291
8469
9074
6294
4883
7790
2316
7467
3000
3773
7712
9356
7173
6158
4320
4979
9955
3957
3688
4958
6276
9927
4497
3259
6342
8872
7485
9679
5836
3803
2669
7569
6379
4976
3048
9686
8951
7950
4962
4247
3474
7053
7404
4315
2718
9158
9224
5901
7159
9222
2846
3644
5100
771
4039
8446
3291
9027
529
1809
3886
6618
2519
615
669
6322
8214
2331
9031
7633
2027
1726
3261
2616
8797
4986
8987
6932
8639
4227
3195
1837
557
6822
3702
3023
5841
4667
707
4801
483
7119
2080
9245
4366
9230
6873
829
4012
69
5139
7263
5583
5923
4674
5953
5997
7690
9667
5004
1300
1765
6351
1565
4625
5558
6217
9637
9837
318
502
1096
1673
4638
3312
8368
2919
3449
2863
8244
7824
5088
3818
1583
8580
5027
2638
4009
6061
2983
7331
521
7132
8697
7825
2647
9392
5623
5268
5917
3079
3381
1956
7156
6802
2904
5972
5089
9177
9216
8557
2209
3695
7298
5836
1592
4604
9875
8879
9485
9566
7545
2376
5798
4189
4842
1655
900
2815
852
2358
5319
2259
5402
9679
7600
2587
8668
783
3201
6685
2909
9512
4136
3038
9942
5779
3441
2828
4225
2732
1356
3106
2540
3317
3194
3563
8417
7907
2435
3705
5158
6885
5331
8081
3224
4621
2753
8524
431
2964
2017
1682
7711
9552
3217
2142
5701
4787
9394
1606
5267
8354
1403
556
6865
2134
2938
5910
9046
3992
9647
3297
289
6779
5363
8241
8998
2356
3525
4441
3135
9554
2209
3737
4447
872
6608
5423
1578
7550
9491
7405
2401
3477
1627
9991
5139
9729
9027
9425
582
5199
1086
9650
5028
8095
9801
6668
9907
9968
5361
7073
9802
4136
5116
4357
5805
3421
6142
9736
9879
7133
2365
